a1 =  766851130.3462328
a2 =  8.478428735817328e-19
b3 =  1.0
c4 =  -0.9997261507126642
d5 =  24.433295517190246
d6 =  -23.449706028176198
c7 =  -1174.2258666377384
b8 =  1.3487129241279876
b9 =  1.020834623737378
c10 =  0.1139983611052466
c11 =  46.90474200785193
c12 =  -0.4782595375145203
b13 =  -0.8513778337069603
b14 =  1.0
b15 =  -1173.7255469152565
b16 =  0.921069369401804
b17 =  2.2677724067011372e-05
b18 =  0.017793087982743226
b19 =  0.9987855265990246
b20 =  1.6691604027071743
-3.409645700717909e-07

a1 =  860707069.3075203
a2 =  2.2425582738035826e-18
b3 =  1.0
c4 =  -0.7893980034180319
d5 =  19.601362383556932
d6 =  -23.449706028176198
c7 =  101.85313191262766
b8 =  1.3384053814246348
b9 =  0.8103390645968266
c10 =  0.10322172788155132
c11 =  46.90474200785193
c12 =  4.353673596118803
b13 =  -0.8530582494805942
b14 =  1.0
b15 =  102.3494975751815
b16 =  0.9193764781928034
b17 =  6.232318616801416e-05
b18 =  0.013439990719447011
b19 =  0.9989002715384352
b20 =  1.2607985945671776
5.277185976948739e-08

check: c7 c12 and b15
